======================================
    IID: 0
    Dataset: fashion_mnist
    Model: cnn
    Model Init: None
    Aggregation Function: flame
    Attack method: dba
    Fraction of malicious agents: 10.0%
    Poison Frac: 1.0
    Backdoor From -1 to 5
    Attack Begin: 0
    Trigger Shape: square,pattern,watermark,apple
    Number of agents: 100
    Fraction of agents each turn: 10(10.0%)
    Local batch size: 64
    Local epoch: 2
    Client_LR: 0.1
    Client_Momentum: 0.9
    Global Rounds: 200
    Noise in FLAME: 0.001
proportion of malicious are selected:0.82
proportion of benign are selected:0.6338888888888888
======================================
main_task_accuracy=[0, 10.0, 51.439998626708984, 58.31999969482422, 64.83000183105469, 66.8499984741211, 73.18000030517578, 76.83999633789062, 72.7699966430664, 70.7300033569336, 74.73999786376953, 74.48999786376953, 74.05999755859375, 76.27999877929688, 78.2300033569336, 75.56999969482422, 74.37000274658203, 74.5999984741211, 75.05000305175781, 72.83999633789062, 74.70999908447266, 65.01000213623047, 71.01000213623047, 77.62999725341797, 68.63999938964844, 81.95999908447266, 78.29000091552734, 75.19000244140625, 73.30999755859375, 74.70999908447266, 79.62000274658203, 76.33999633789062, 80.43000030517578, 79.97000122070312, 80.91999816894531, 75.79000091552734, 82.73999786376953, 79.66999816894531, 79.93000030517578, 83.05999755859375, 80.66999816894531, 80.94000244140625, 83.16999816894531, 81.94999694824219, 83.38999938964844, 78.58999633789062, 82.36000061035156, 79.77999877929688, 81.63999938964844, 81.36000061035156, 84.5199966430664, 83.55999755859375, 84.9000015258789, 82.55000305175781, 84.0199966430664, 81.98999786376953, 84.33999633789062, 79.04000091552734, 83.29000091552734, 82.72000122070312, 85.05000305175781, 82.44000244140625, 82.52999877929688, 83.19999694824219, 80.91999816894531, 84.05999755859375, 78.69000244140625, 76.58999633789062, 76.38999938964844, 72.36000061035156, 80.80999755859375, 83.05000305175781, 81.66000366210938, 84.56999969482422, 81.83999633789062, 81.83999633789062, 85.77999877929688, 70.30000305175781, 84.94000244140625, 79.33999633789062, 80.81999969482422, 84.7699966430664, 85.11000061035156, 85.41999816894531, 82.18000030517578, 82.68000030517578, 79.86000061035156, 83.72000122070312, 83.44000244140625, 84.83999633789062, 75.68000030517578, 83.38999938964844, 85.94000244140625, 84.61000061035156, 85.0, 76.47000122070312, 83.5999984741211, 83.94999694824219, 85.5, 80.45999908447266, 86.0999984741211, 85.93000030517578, 85.55000305175781, 85.79000091552734, 79.98999786376953, 84.44999694824219, 85.44000244140625, 83.48999786376953, 82.11000061035156, 82.41000366210938, 84.76000213623047, 87.27999877929688, 78.7300033569336, 80.62999725341797, 85.94000244140625, 81.44000244140625, 85.41999816894531, 81.7300033569336, 83.37999725341797, 85.19000244140625, 85.58999633789062, 84.98999786376953, 84.87000274658203, 83.45999908447266, 82.66000366210938, 84.80999755859375, 78.4000015258789, 83.33000183105469, 77.05000305175781, 84.01000213623047, 78.37000274658203, 77.31999969482422, 77.93000030517578, 82.43000030517578, 86.31999969482422, 80.94000244140625, 86.12000274658203, 85.19000244140625, 82.5999984741211, 86.7699966430664, 85.38999938964844, 85.73999786376953, 84.44000244140625, 84.56999969482422, 84.72000122070312, 87.25, 83.80000305175781, 84.86000061035156, 86.0, 85.62999725341797, 86.44000244140625, 86.36000061035156, 85.38999938964844, 85.95999908447266, 84.55000305175781, 87.12999725341797, 86.80999755859375, 85.75, 84.8499984741211, 83.41999816894531, 80.20999908447266, 86.66999816894531, 76.7699966430664, 83.16000366210938, 83.69999694824219, 80.98999786376953, 86.45999908447266, 79.41999816894531, 85.62000274658203, 82.1500015258789, 83.70999908447266, 86.58999633789062, 87.19999694824219, 87.94000244140625, 83.7699966430664, 86.27999877929688, 82.94000244140625, 86.5199966430664, 81.93000030517578, 84.33999633789062, 85.4000015258789, 85.63999938964844, 86.4000015258789, 85.83999633789062, 78.91000366210938, 87.81999969482422, 87.33999633789062, 87.19999694824219, 85.97000122070312, 82.5, 86.26000213623047, 84.88999938964844, 86.37000274658203, 86.58000183105469, 86.37999725341797, 83.88999938964844, 84.2300033569336, 86.66000366210938, 86.9000015258789, 86.7699966430664, 86.5199966430664]
backdoor_accuracy=[0, 0.0, 19.1, 11.544444444444444, 28.622222222222224, 100.0, 51.8, 0.6444444444444445, 0.0, 0.0, 96.65555555555555, 99.96666666666667, 99.11111111111111, 100.0, 99.7, 99.9888888888889, 73.74444444444444, 0.0, 25.166666666666668, 58.477777777777774, 51.544444444444444, 3.4, 43.84444444444444, 0.23333333333333334, 0.8666666666666667, 98.93333333333334, 100.0, 99.5, 100.0, 98.4888888888889, 99.66666666666667, 99.97777777777777, 100.0, 100.0, 100.0, 100.0, 100.0, 100.0, 99.9888888888889, 100.0, 100.0, 99.03333333333333, 100.0, 100.0, 100.0, 100.0, 100.0, 99.5, 100.0, 99.38888888888889, 100.0, 98.25555555555556, 96.96666666666667, 99.82222222222222, 98.04444444444445, 96.07777777777778, 99.08888888888889, 68.53333333333333, 93.46666666666667, 68.02222222222223, 99.93333333333334, 99.96666666666667, 99.9888888888889, 100.0, 100.0, 100.0, 96.54444444444445, 99.82222222222222, 99.86666666666666, 97.36666666666666, 99.24444444444444, 100.0, 99.95555555555555, 100.0, 99.88888888888889, 96.77777777777777, 99.07777777777778, 100.0, 100.0, 100.0, 99.32222222222222, 100.0, 100.0, 100.0, 100.0, 99.77777777777777, 98.63333333333334, 100.0, 99.96666666666667, 99.97777777777777, 100.0, 100.0, 99.9888888888889, 100.0, 93.43333333333334, 95.03333333333333, 99.97777777777777, 100.0, 100.0, 100.0, 100.0, 100.0, 100.0, 100.0, 100.0, 100.0, 99.84444444444445, 100.0, 100.0, 100.0, 100.0, 100.0, 99.94444444444444, 100.0, 99.9888888888889, 99.9888888888889, 100.0, 100.0, 99.78888888888889, 100.0, 100.0, 100.0, 100.0, 99.84444444444445, 100.0, 100.0, 100.0, 100.0, 99.52222222222223, 100.0, 97.7, 99.75555555555556, 97.63333333333334, 100.0, 100.0, 99.9888888888889, 100.0, 99.9888888888889, 100.0, 100.0, 100.0, 100.0, 100.0, 99.84444444444445, 100.0, 100.0, 99.72222222222223, 99.94444444444444, 99.95555555555555, 100.0, 99.96666666666667, 100.0, 100.0, 100.0, 100.0, 100.0, 100.0, 100.0, 100.0, 100.0, 99.97777777777777, 100.0, 99.84444444444445, 99.05555555555556, 99.91111111111111, 78.38888888888889, 100.0, 100.0, 100.0, 100.0, 99.62222222222222, 99.96666666666667, 100.0, 98.72222222222223, 99.5, 99.9888888888889, 100.0, 99.95555555555555, 99.95555555555555, 99.92222222222222, 99.9, 99.92222222222222, 100.0, 99.9888888888889, 97.32222222222222, 100.0, 100.0, 100.0, 100.0, 100.0, 100.0, 100.0, 100.0, 100.0, 100.0, 100.0, 100.0, 100.0, 99.96666666666667, 100.0, 99.88888888888889]
BBSR:100.0
ABSR:99.85
max acc:87.82
