======================================
    IID: 0
    Dataset: cifar
    Model: VGG
    Model Init: None
    Aggregation Function: avg
    Attack method: dba
    Fraction of malicious agents: 10.0%
    Poison Frac: 1.0
    Backdoor From -1 to 5
    Attack Begin: 0
    Trigger Shape: square,pattern,watermark,apple
    Number of agents: 100
    Fraction of agents each turn: 10(10.0%)
    Local batch size: 64
    Local epoch: 2
    Client_LR: 0.1
    Client_Momentum: 0.9
    Global Rounds: 200
======================================
main_task_accuracy=[0, 10.0, 10.0, 14.350000381469727, 15.449999809265137, 13.430000305175781, 12.720000267028809, 17.360000610351562, 17.030000686645508, 18.020000457763672, 18.420000076293945, 15.210000038146973, 18.049999237060547, 15.8100004196167, 17.90999984741211, 16.920000076293945, 16.010000228881836, 17.989999771118164, 18.260000228881836, 17.3799991607666, 18.25, 18.200000762939453, 17.889999389648438, 18.700000762939453, 17.290000915527344, 18.770000457763672, 20.15999984741211, 24.8799991607666, 19.059999465942383, 22.600000381469727, 18.610000610351562, 26.110000610351562, 24.799999237060547, 29.6299991607666, 23.25, 24.079999923706055, 27.40999984741211, 24.420000076293945, 24.149999618530273, 25.100000381469727, 29.950000762939453, 31.489999771118164, 29.559999465942383, 30.979999542236328, 28.979999542236328, 30.639999389648438, 24.940000534057617, 32.880001068115234, 24.459999084472656, 29.200000762939453, 33.31999969482422, 31.65999984741211, 31.639999389648438, 29.270000457763672, 28.469999313354492, 32.5, 32.5099983215332, 31.56999969482422, 30.200000762939453, 34.2400016784668, 32.779998779296875, 33.849998474121094, 35.4900016784668, 34.20000076293945, 35.72999954223633, 34.31999969482422, 31.899999618530273, 37.88999938964844, 33.9900016784668, 41.189998626708984, 32.54999923706055, 35.47999954223633, 37.11000061035156, 43.34000015258789, 47.5, 41.84000015258789, 44.81999969482422, 49.08000183105469, 46.66999816894531, 50.650001525878906, 47.40999984741211, 51.81999969482422, 49.970001220703125, 56.560001373291016, 51.08000183105469, 55.5099983215332, 48.88999938964844, 57.40999984741211, 58.900001525878906, 57.06999969482422, 56.68000030517578, 52.650001525878906, 57.060001373291016, 56.08000183105469, 57.63999938964844, 60.119998931884766, 54.61000061035156, 56.380001068115234, 57.83000183105469, 60.16999816894531, 61.59000015258789, 57.45000076293945, 60.7599983215332, 62.77000045776367, 63.439998626708984, 65.04000091552734, 62.25, 65.91999816894531, 66.0999984741211, 66.25, 65.20999908447266, 63.9900016784668, 65.2699966430664, 64.91999816894531, 65.77999877929688, 66.79000091552734, 66.13999938964844, 67.66000366210938, 66.08999633789062, 67.61000061035156, 65.87000274658203, 68.77999877929688, 66.12999725341797, 68.95999908447266, 67.16000366210938, 69.91999816894531, 68.97000122070312, 69.51000213623047, 67.5999984741211, 68.55000305175781, 71.08999633789062, 68.6500015258789, 72.9800033569336, 66.55999755859375, 71.08000183105469, 71.6500015258789, 69.16999816894531, 72.38999938964844, 69.81999969482422, 68.79000091552734]
backdoor_accuracy=[0, 0.0, 100.0, 0.0, 0.0, 0.0, 0.0, 0.0, 0.0, 56.72222222222222, 0.0, 99.86666666666666, 96.0, 95.14444444444445, 0.0, 4.877777777777778, 35.63333333333333, 98.02222222222223, 75.84444444444445, 83.68888888888888, 0.0, 40.94444444444444, 0.0, 0.0, 0.0, 0.9333333333333333, 0.0, 76.3, 0.0, 69.44444444444444, 0.0, 1.3444444444444446, 0.0, 80.33333333333333, 23.91111111111111, 31.355555555555554, 17.866666666666667, 88.4, 0.0, 24.144444444444446, 62.74444444444445, 35.53333333333333, 61.355555555555554, 35.611111111111114, 56.53333333333333, 17.511111111111113, 0.0, 59.91111111111111, 76.85555555555555, 68.33333333333333, 5.044444444444444, 56.32222222222222, 33.46666666666667, 65.92222222222222, 41.65555555555556, 62.91111111111111, 66.86666666666666, 65.8, 0.0, 69.95555555555555, 45.111111111111114, 73.23333333333333, 71.0111111111111, 39.266666666666666, 62.4, 56.12222222222222, 0.0, 69.16666666666667, 23.488888888888887, 78.61111111111111, 78.5111111111111, 0.4444444444444444, 86.17777777777778, 0.0, 80.94444444444444, 1.1333333333333333, 74.97777777777777, 45.333333333333336, 55.31111111111111, 66.44444444444444, 45.13333333333333, 61.922222222222224, 41.22222222222222, 7.055555555555555, 78.31111111111112, 2.8, 75.63333333333334, 75.73333333333333, 46.91111111111111, 70.2, 77.05555555555556, 7.722222222222222, 85.11111111111111, 20.366666666666667, 50.4, 71.67777777777778, 55.666666666666664, 71.76666666666667, 62.333333333333336, 0.0, 17.644444444444446, 29.18888888888889, 61.9, 62.94444444444444, 31.233333333333334, 67.54444444444445, 0.0, 46.522222222222226, 52.611111111111114, 48.24444444444445, 56.8, 37.68888888888889, 69.2, 0.0, 72.75555555555556, 0.06666666666666667, 15.544444444444444, 43.91111111111111, 38.08888888888889, 50.577777777777776, 16.655555555555555, 57.21111111111111, 26.522222222222222, 52.5, 1.4222222222222223, 35.455555555555556, 0.6111111111111112, 26.57777777777778, 42.044444444444444, 6.811111111111111, 6.488888888888889, 47.144444444444446, 1.7777777777777777, 4.122222222222222, 12.733333333333333, 2.6777777777777776, 6.211111111111111, 26.1, 0.0, 57.733333333333334]