======================================
    IID: 0
    Dataset: cifar
    Model: resnet
    Model Init: None
    Aggregation Function: flame
    Attack method: dba
    Fraction of malicious agents: 10.0%
    Poison Frac: 1.0
    Backdoor From -1 to 5
    Attack Begin: 0
    Trigger Shape: square,pattern,watermark,apple
    Number of agents: 100
    Fraction of agents each turn: 10(10.0%)
    Local batch size: 64
    Local epoch: 2
    Client_LR: 0.1
    Client_Momentum: 0.9
    Global Rounds: 200
    Noise in FLAME: 0.001
proportion of malicious are selected:0.045
proportion of benign are selected:0.7455555555555555
======================================
main_task_accuracy=[0, 10.0, 10.0, 10.140000343322754, 10.880000114440918, 12.720000267028809, 18.549999237060547, 16.90999984741211, 16.530000686645508, 14.869999885559082, 19.540000915527344, 19.010000228881836, 16.780000686645508, 22.110000610351562, 27.139999389648438, 27.389999389648438, 29.239999771118164, 26.940000534057617, 31.639999389648438, 33.59000015258789, 29.8700008392334, 33.34000015258789, 31.18000030517578, 32.400001525878906, 28.809999465942383, 35.02000045776367, 35.7599983215332, 36.09000015258789, 32.36000061035156, 33.34000015258789, 34.95000076293945, 34.54999923706055, 39.630001068115234, 39.369998931884766, 36.4900016784668, 41.869998931884766, 44.939998626708984, 41.90999984741211, 44.290000915527344, 44.79999923706055, 43.11000061035156, 45.439998626708984, 45.84000015258789, 46.279998779296875, 45.029998779296875, 39.849998474121094, 48.119998931884766, 48.380001068115234, 47.779998779296875, 47.56999969482422, 46.310001373291016, 50.849998474121094, 48.369998931884766, 49.369998931884766, 51.880001068115234, 50.470001220703125, 52.970001220703125, 52.939998626708984, 49.77000045776367, 54.34000015258789, 51.72999954223633, 54.869998931884766, 51.459999084472656, 54.720001220703125, 53.90999984741211, 55.459999084472656, 55.61000061035156, 56.52000045776367, 58.29999923706055, 53.11000061035156, 58.540000915527344, 56.18000030517578, 59.849998474121094, 48.470001220703125, 59.189998626708984, 58.06999969482422, 58.040000915527344, 58.9900016784668, 57.88999938964844, 58.529998779296875, 58.869998931884766, 59.470001220703125, 60.54999923706055, 55.209999084472656, 56.5099983215332, 56.619998931884766, 57.529998779296875, 57.65999984741211, 65.08999633789062, 63.939998626708984, 63.86000061035156, 53.56999969482422, 62.630001068115234, 65.18000030517578, 64.26000213623047, 60.130001068115234, 65.7300033569336, 62.79999923706055, 65.41000366210938, 65.38999938964844, 66.63999938964844, 66.72000122070312, 64.41999816894531, 62.08000183105469, 64.33000183105469, 67.31999969482422, 67.83999633789062, 64.36000061035156, 66.72000122070312, 67.91999816894531, 68.36000061035156, 60.72999954223633, 64.80000305175781, 67.01000213623047, 68.12999725341797, 68.5, 67.33000183105469, 68.12000274658203, 69.19999694824219, 68.76000213623047, 65.73999786376953, 65.37999725341797, 65.7699966430664, 65.08999633789062, 68.97000122070312, 67.81999969482422, 71.19000244140625, 69.27999877929688, 68.45999908447266, 68.13999938964844, 70.77999877929688, 70.13999938964844, 66.5, 55.9900016784668, 70.48999786376953, 69.5, 64.61000061035156, 63.70000076293945, 72.16000366210938, 71.83000183105469, 69.37000274658203, 71.3499984741211, 70.81999969482422, 72.70999908447266, 70.4000015258789, 70.70999908447266, 66.70999908447266, 72.16000366210938, 72.68000030517578, 69.23999786376953, 70.56999969482422, 70.05000305175781, 71.2699966430664, 69.2300033569336, 67.16999816894531, 67.22000122070312, 70.97000122070312, 73.9800033569336, 72.33999633789062, 71.27999877929688, 63.459999084472656, 69.18000030517578, 70.8499984741211, 64.87999725341797, 68.38999938964844, 53.36000061035156, 70.33000183105469, 71.06999969482422, 67.69000244140625, 69.0999984741211, 64.94999694824219, 63.040000915527344, 71.73999786376953, 62.43000030517578, 64.66999816894531, 71.18000030517578, 69.26000213623047, 67.51000213623047, 73.77999877929688, 72.11000061035156, 69.61000061035156, 67.0199966430664, 69.12999725341797, 63.560001373291016, 63.810001373291016, 68.56999969482422, 70.63999938964844, 61.470001220703125, 69.91999816894531, 69.52999877929688, 71.47000122070312, 71.38999938964844, 65.05000305175781, 60.2400016784668, 69.83000183105469, 73.18000030517578, 73.52999877929688, 74.70999908447266, 72.69999694824219, 72.30999755859375, 68.11000061035156]
backdoor_accuracy=[0, 0.0, 0.0, 0.0, 0.0, 93.21111111111111, 67.88888888888889, 83.57777777777778, 0.0, 96.74444444444444, 0.0, 83.94444444444444, 0.0, 98.46666666666667, 67.53333333333333, 94.95555555555555, 95.86666666666666, 69.04444444444445, 0.0, 19.42222222222222, 42.63333333333333, 0.0, 2.2555555555555555, 0.1, 53.611111111111114, 0.011111111111111112, 22.266666666666666, 0.12222222222222222, 0.6777777777777778, 88.93333333333334, 2.7111111111111112, 25.122222222222224, 0.044444444444444446, 0.0, 0.0, 0.0, 8.6, 0.14444444444444443, 0.14444444444444443, 0.0, 3.022222222222222, 0.0, 22.988888888888887, 0.0, 0.9111111111111111, 1.1222222222222222, 0.03333333333333333, 24.7, 0.011111111111111112, 1.6222222222222222, 0.3888888888888889, 6.311111111111111, 0.0, 0.3333333333333333, 2.1555555555555554, 0.0, 0.3888888888888889, 1.4777777777777779, 0.7555555555555555, 0.7333333333333333, 36.34444444444444, 0.4666666666666667, 5.288888888888889, 3.111111111111111, 8.977777777777778, 56.544444444444444, 0.4666666666666667, 28.666666666666668, 2.9555555555555557, 18.5, 1.8, 4.955555555555556, 18.6, 0.022222222222222223, 3.7888888888888888, 3.522222222222222, 9.3, 9.322222222222223, 12.5, 78.1, 0.0, 6.333333333333333, 10.9, 14.622222222222222, 2.9444444444444446, 31.92222222222222, 1.6777777777777778, 0.8777777777777778, 3.966666666666667, 4.766666666666667, 3.422222222222222, 13.4, 7.288888888888889, 14.677777777777777, 8.988888888888889, 3.977777777777778, 6.788888888888889, 7.322222222222222, 0.3111111111111111, 5.966666666666667, 2.533333333333333, 4.833333333333333, 1.788888888888889, 1.3777777777777778, 5.4, 7.222222222222222, 11.255555555555556, 38.48888888888889, 0.0, 17.488888888888887, 9.88888888888889, 22.58888888888889, 6.833333333333333, 6.777777777777778, 20.22222222222222, 4.888888888888889, 5.7444444444444445, 8.6, 13.4, 3.6444444444444444, 2.466666666666667, 83.9888888888889, 0.15555555555555556, 6.722222222222222, 4.044444444444444, 27.244444444444444, 7.333333333333333, 11.811111111111112, 5.988888888888889, 14.0, 8.955555555555556, 7.522222222222222, 11.244444444444444, 10.877777777777778, 3.8444444444444446, 23.877777777777776, 0.43333333333333335, 15.777777777777779, 3.011111111111111, 1.5555555555555556, 16.166666666666668, 3.422222222222222, 5.022222222222222, 7.766666666666667, 4.933333333333334, 1.7222222222222223, 37.77777777777778, 2.2111111111111112, 8.555555555555555, 12.311111111111112, 6.111111111111111, 7.644444444444445, 6.0, 6.266666666666667, 2.3777777777777778, 3.511111111111111, 2.2111111111111112, 3.5, 2.8333333333333335, 3.533333333333333, 3.522222222222222, 3.033333333333333, 3.477777777777778, 8.933333333333334, 4.144444444444445, 1.1222222222222222, 1.788888888888889, 1.6888888888888889, 1.5555555555555556, 3.2777777777777777, 3.7333333333333334, 2.011111111111111, 3.1444444444444444, 9.277777777777779, 1.288888888888889, 0.9, 7.722222222222222, 1.2777777777777777, 2.0444444444444443, 6.822222222222222, 4.344444444444444, 2.033333333333333, 2.9555555555555557, 3.6666666666666665, 3.388888888888889, 2.111111111111111, 4.066666666666666, 1.3111111111111111, 1.1, 3.0444444444444443, 2.811111111111111, 2.6666666666666665, 3.7444444444444445, 0.7777777777777778, 3.4, 2.077777777777778, 5.0777777777777775, 5.0777777777777775, 4.155555555555556, 4.2555555555555555, 1.8888888888888888]
BBSR:5.08
ABSR:2.98
max acc:74.71
