======================================
    IID: 0
    Dataset: fashion_mnist
    Model: cnn
    Model Init: None
    Aggregation Function: avg
    Attack method: dba
    Fraction of malicious agents: 10.0%
    Poison Frac: 1.0
    Backdoor From -1 to 5
    Attack Begin: 0
    Trigger Shape: square,pattern,watermark,apple
    Number of agents: 100
    Fraction of agents each turn: 10(10.0%)
    Local batch size: 64
    Local epoch: 2
    Client_LR: 0.1
    Client_Momentum: 0.9
    Global Rounds: 200
======================================
main_task_accuracy=[0, 20.420000076293945, 39.279998779296875, 52.31999969482422, 56.02000045776367, 62.2599983215332, 69.97000122070312, 68.55999755859375, 75.18000030517578, 77.58999633789062, 73.31999969482422, 72.87000274658203, 76.58999633789062, 73.4800033569336, 79.25, 80.5, 75.12000274658203, 80.62000274658203, 78.73999786376953, 77.4800033569336, 82.69000244140625, 80.20999908447266, 78.47000122070312, 80.16999816894531, 71.87000274658203, 82.41999816894531, 83.31999969482422, 79.76000213623047, 80.79000091552734, 78.72000122070312, 81.41999816894531, 81.56999969482422, 76.6500015258789, 81.08000183105469, 76.45999908447266, 80.54000091552734, 81.75, 83.16000366210938, 82.31999969482422, 84.23999786376953, 84.61000061035156, 82.27999877929688, 84.58999633789062, 86.06999969482422, 82.37999725341797, 80.7699966430664, 82.72000122070312, 79.01000213623047, 82.31999969482422, 84.83000183105469, 85.87999725341797, 82.43000030517578, 82.97000122070312, 85.87999725341797, 84.44999694824219, 84.4800033569336, 78.87000274658203, 86.44999694824219, 80.7699966430664, 81.2699966430664, 85.56999969482422, 85.29000091552734, 84.9800033569336, 83.01000213623047, 85.37000274658203, 85.08000183105469, 85.94000244140625, 84.22000122070312, 85.43000030517578, 84.68000030517578, 85.68000030517578, 82.5199966430664, 84.80000305175781, 73.56999969482422, 85.12999725341797, 85.16999816894531, 86.19000244140625, 84.94999694824219, 82.33999633789062, 87.11000061035156, 82.97000122070312, 84.63999938964844, 83.08000183105469, 84.33000183105469, 85.37000274658203, 84.91000366210938, 86.12000274658203, 84.27999877929688, 85.47000122070312, 86.9000015258789, 84.45999908447266, 87.02999877929688, 87.66000366210938, 86.19000244140625, 88.55999755859375, 86.88999938964844, 84.66000366210938, 86.56999969482422, 87.68000030517578, 86.19000244140625, 88.80999755859375, 85.79000091552734, 85.87000274658203, 86.70999908447266, 88.37999725341797, 86.45999908447266, 86.08999633789062, 78.79000091552734, 87.3499984741211, 86.41999816894531, 87.55999755859375, 87.75, 85.30000305175781, 87.26000213623047, 86.38999938964844, 85.33999633789062, 87.02999877929688, 83.04000091552734, 86.06999969482422, 84.7300033569336, 85.80000305175781, 85.77999877929688, 83.94000244140625, 83.3499984741211, 86.11000061035156, 86.51000213623047, 86.47000122070312, 88.05999755859375, 87.63999938964844, 87.05000305175781, 89.19000244140625, 87.11000061035156, 88.62000274658203, 87.80000305175781, 86.70999908447266, 85.2300033569336, 86.0999984741211, 87.86000061035156, 85.70999908447266, 88.43000030517578, 88.94999694824219, 87.66999816894531, 88.26000213623047, 87.62000274658203, 88.73999786376953, 87.12000274658203, 86.54000091552734, 87.33999633789062, 88.62000274658203, 88.02999877929688, 87.16000366210938, 84.43000030517578, 83.43000030517578, 87.27999877929688, 86.75, 88.3499984741211, 89.33000183105469, 88.86000061035156, 88.25, 88.4800033569336, 89.13999938964844, 87.66999816894531, 89.29000091552734, 87.80000305175781, 86.86000061035156, 87.5999984741211, 89.41000366210938, 86.91000366210938, 87.5, 87.41999816894531, 88.1500015258789, 89.16000366210938, 86.87999725341797, 87.76000213623047, 87.38999938964844, 89.37999725341797, 89.91000366210938, 88.37999725341797, 88.47000122070312, 88.87000274658203, 89.91999816894531, 89.19000244140625, 88.55000305175781, 88.31999969482422, 88.25, 88.76000213623047, 88.47000122070312, 89.1500015258789, 88.8499984741211, 86.9800033569336, 86.94000244140625, 89.0, 89.29000091552734, 89.61000061035156, 88.91000366210938, 89.58999633789062, 89.18000030517578, 86.9800033569336, 88.37000274658203, 87.68000030517578, 87.68000030517578]
backdoor_accuracy=[0, 0.0, 72.32222222222222, 0.0, 4.955555555555556, 6.4, 0.022222222222222223, 0.0, 0.28888888888888886, 6.711111111111111, 4.122222222222222, 98.81111111111112, 81.54444444444445, 94.16666666666667, 100.0, 99.5111111111111, 85.22222222222223, 100.0, 100.0, 99.9888888888889, 100.0, 97.38888888888889, 99.9888888888889, 99.93333333333334, 93.42222222222222, 94.4888888888889, 99.9888888888889, 99.83333333333333, 98.66666666666667, 98.92222222222222, 100.0, 99.9, 100.0, 99.9888888888889, 99.94444444444444, 100.0, 98.97777777777777, 99.4, 99.74444444444444, 100.0, 99.86666666666666, 99.47777777777777, 99.97777777777777, 100.0, 99.14444444444445, 100.0, 99.82222222222222, 100.0, 99.97777777777777, 100.0, 99.91111111111111, 100.0, 99.93333333333334, 100.0, 99.96666666666667, 100.0, 98.12222222222222, 99.97777777777777, 99.94444444444444, 99.9888888888889, 99.9888888888889, 100.0, 100.0, 100.0, 100.0, 100.0, 100.0, 100.0, 100.0, 99.9888888888889, 100.0, 99.9888888888889, 100.0, 99.83333333333333, 99.96666666666667, 100.0, 100.0, 100.0, 100.0, 99.54444444444445, 100.0, 100.0, 100.0, 100.0, 98.52222222222223, 100.0, 99.47777777777777, 100.0, 99.91111111111111, 100.0, 99.9888888888889, 100.0, 100.0, 99.97777777777777, 100.0, 100.0, 100.0, 100.0, 100.0, 99.9888888888889, 100.0, 99.84444444444445, 100.0, 100.0, 100.0, 100.0, 100.0, 99.92222222222222, 100.0, 100.0, 100.0, 100.0, 99.91111111111111, 100.0, 100.0, 100.0, 100.0, 100.0, 100.0, 100.0, 100.0, 100.0, 100.0, 99.82222222222222, 99.9888888888889, 99.9888888888889, 100.0, 100.0, 100.0, 100.0, 100.0, 100.0, 100.0, 100.0, 100.0, 99.91111111111111, 100.0, 100.0, 100.0, 100.0, 100.0, 99.9888888888889, 100.0, 100.0, 100.0, 100.0, 100.0, 99.9888888888889, 100.0, 100.0, 100.0, 100.0, 100.0, 100.0, 100.0, 99.9888888888889, 100.0, 100.0, 99.9888888888889, 100.0, 100.0, 100.0, 100.0, 100.0, 100.0, 100.0, 100.0, 100.0, 99.9888888888889, 100.0, 100.0, 99.95555555555555, 99.95555555555555, 100.0, 98.73333333333333, 99.95555555555555, 100.0, 99.76666666666667, 100.0, 100.0, 100.0, 99.9888888888889, 100.0, 100.0, 100.0, 100.0, 100.0, 100.0, 100.0, 100.0, 100.0, 99.9888888888889, 100.0, 99.87777777777778, 99.97777777777777, 100.0, 100.0, 100.0, 100.0, 100.0, 100.0]
BBSR:100.0
ABSR:99.99
max acc:89.61
