======================================
    IID: 0
    Dataset: cifar
    Model: VGG
    Model Init: None
    Aggregation Function: flame
    Attack method: dba
    Fraction of malicious agents: 10.0%
    Poison Frac: 1.0
    Backdoor From -1 to 5
    Attack Begin: 0
    Trigger Shape: square,pattern,watermark,apple
    Number of agents: 100
    Fraction of agents each turn: 10(10.0%)
    Local batch size: 64
    Local epoch: 2
    Client_LR: 0.1
    Client_Momentum: 0.9
    Global Rounds: 200
    Noise in FLAME: 0.001
proportion of malicious are selected:0.21
proportion of benign are selected:0.7227777777777777
======================================
main_task_accuracy=[0, 10.0, 10.0, 9.770000457763672, 13.899999618530273, 17.399999618530273, 13.260000228881836, 18.719999313354492, 12.899999618530273, 15.890000343322754, 10.819999694824219, 13.220000267028809, 10.180000305175781, 11.880000114440918, 11.09000015258789, 13.279999732971191, 13.460000038146973, 10.680000305175781, 13.069999694824219, 14.199999809265137, 15.25, 19.93000030517578, 19.549999237060547, 12.729999542236328, 18.06999969482422, 13.25, 12.720000267028809, 20.56999969482422, 16.170000076293945, 19.020000457763672, 23.280000686645508, 19.350000381469727, 16.969999313354492, 27.579999923706055, 16.329999923706055, 17.809999465942383, 19.1200008392334, 22.329999923706055, 22.969999313354492, 21.700000762939453, 20.350000381469727, 24.43000030517578, 25.360000610351562, 24.989999771118164, 26.239999771118164, 23.239999771118164, 17.829999923706055, 23.780000686645508, 26.260000228881836, 27.969999313354492, 29.420000076293945, 23.459999084472656, 26.700000762939453, 30.059999465942383, 27.90999984741211, 28.889999389648438, 26.06999969482422, 30.950000762939453, 31.329999923706055, 29.729999542236328, 30.6200008392334, 35.47999954223633, 28.329999923706055, 25.8799991607666, 35.959999084472656, 28.329999923706055, 34.720001220703125, 32.810001373291016, 32.2400016784668, 36.130001068115234, 31.75, 37.58000183105469, 28.889999389648438, 27.139999389648438, 37.72999954223633, 33.61000061035156, 29.56999969482422, 35.86000061035156, 42.709999084472656, 30.049999237060547, 24.690000534057617, 31.43000030517578, 40.18000030517578, 38.4900016784668, 35.779998779296875, 40.86000061035156, 41.47999954223633, 32.38999938964844, 44.7599983215332, 42.5, 30.799999237060547, 39.959999084472656, 42.540000915527344, 38.189998626708984, 37.9900016784668, 34.689998626708984, 40.029998779296875, 40.029998779296875, 35.099998474121094, 48.18000030517578, 38.72999954223633, 40.4900016784668, 41.4900016784668, 43.560001373291016, 44.7400016784668, 39.290000915527344, 39.060001373291016, 45.56999969482422, 36.459999084472656, 47.220001220703125, 34.91999816894531, 41.88999938964844, 50.34000015258789, 38.83000183105469, 46.130001068115234, 40.849998474121094, 46.13999938964844, 51.380001068115234, 35.779998779296875, 54.099998474121094, 37.119998931884766, 53.18000030517578, 48.439998626708984, 40.70000076293945, 47.79999923706055, 33.88999938964844, 50.790000915527344, 42.2400016784668, 38.83000183105469, 47.70000076293945, 48.81999969482422, 54.630001068115234, 48.15999984741211, 55.15999984741211, 53.27000045776367, 57.619998931884766, 53.06999969482422, 45.16999816894531, 52.65999984741211, 53.33000183105469, 41.029998779296875, 40.70000076293945, 49.9900016784668, 47.040000915527344, 39.33000183105469, 42.08000183105469, 47.47999954223633, 52.68000030517578, 52.79999923706055, 50.75, 34.779998779296875, 45.95000076293945, 44.08000183105469, 45.93000030517578, 38.349998474121094, 46.709999084472656, 44.810001373291016, 51.0, 29.790000915527344, 49.970001220703125, 44.810001373291016, 49.810001373291016, 48.7400016784668, 44.63999938964844, 40.22999954223633, 42.619998931884766, 45.060001373291016, 41.0099983215332, 50.06999969482422, 47.619998931884766, 34.93000030517578, 46.279998779296875, 42.189998626708984, 49.619998931884766, 45.36000061035156, 56.880001068115234, 46.63999938964844, 52.650001525878906, 53.880001068115234, 53.119998931884766, 50.119998931884766, 47.33000183105469, 53.54999923706055, 39.22999954223633, 56.060001373291016, 53.209999084472656, 50.970001220703125, 57.7599983215332, 53.099998474121094, 51.0099983215332, 43.349998474121094, 48.209999084472656, 48.16999816894531, 49.88999938964844, 55.29999923706055, 33.720001220703125, 56.0099983215332, 48.7599983215332, 28.65999984741211, 54.0099983215332, 46.72999954223633]
backdoor_accuracy=[0, 0.0, 0.08888888888888889, 100.0, 0.0, 100.0, 100.0, 40.355555555555554, 73.26666666666667, 0.0, 0.0, 52.46666666666667, 0.0, 68.97777777777777, 0.0, 0.0, 0.0, 0.0, 99.14444444444445, 100.0, 0.0, 75.28888888888889, 0.0, 0.0, 1.1333333333333333, 91.55555555555556, 0.0, 98.81111111111112, 0.0, 96.68888888888888, 47.977777777777774, 0.0, 0.0, 2.2222222222222223, 56.56666666666667, 0.0, 50.62222222222222, 0.0, 91.9888888888889, 0.0, 79.85555555555555, 0.0, 0.0, 78.0, 0.0, 0.0, 0.0, 0.0, 0.0, 0.07777777777777778, 64.16666666666667, 0.0, 82.95555555555555, 0.0, 97.55555555555556, 0.8222222222222222, 7.633333333333334, 0.0, 36.81111111111111, 52.12222222222222, 5.966666666666667, 6.033333333333333, 62.78888888888889, 46.77777777777778, 41.0, 0.0, 38.333333333333336, 37.455555555555556, 84.46666666666667, 21.011111111111113, 60.18888888888889, 51.0, 0.0, 38.922222222222224, 55.55555555555556, 19.233333333333334, 0.0, 36.71111111111111, 12.422222222222222, 97.37777777777778, 0.0, 37.68888888888889, 13.622222222222222, 29.31111111111111, 44.1, 1.2333333333333334, 10.433333333333334, 8.733333333333333, 41.7, 43.67777777777778, 0.0, 46.31111111111111, 20.677777777777777, 0.0, 1.6222222222222222, 0.0, 0.14444444444444443, 31.91111111111111, 0.0, 0.0, 77.9, 0.0, 19.88888888888889, 66.16666666666667, 38.48888888888889, 0.0, 5.766666666666667, 32.34444444444444, 6.477777777777778, 10.077777777777778, 64.96666666666667, 0.022222222222222223, 29.877777777777776, 52.422222222222224, 2.0, 0.0, 14.733333333333333, 25.655555555555555, 31.933333333333334, 10.377777777777778, 21.3, 33.58888888888889, 13.11111111111111, 49.577777777777776, 17.322222222222223, 0.6777777777777778, 20.377777777777776, 21.41111111111111, 21.055555555555557, 15.28888888888889, 18.533333333333335, 20.7, 47.577777777777776, 53.25555555555555, 13.377777777777778, 39.13333333333333, 4.222222222222222, 31.68888888888889, 0.0, 20.044444444444444, 61.24444444444445, 40.611111111111114, 48.51111111111111, 0.0, 26.08888888888889, 0.0, 11.677777777777777, 9.133333333333333, 19.133333333333333, 49.855555555555554, 49.87777777777778, 0.0, 10.21111111111111, 13.866666666666667, 19.566666666666666, 0.0, 12.022222222222222, 77.14444444444445, 0.0, 66.7, 0.0, 51.17777777777778, 0.07777777777777778, 20.91111111111111, 97.94444444444444, 0.0, 64.24444444444444, 9.78888888888889, 59.15555555555556, 7.055555555555555, 88.13333333333334, 26.466666666666665, 18.655555555555555, 78.7, 24.655555555555555, 25.655555555555555, 25.055555555555557, 50.233333333333334, 49.9, 11.822222222222223, 34.422222222222224, 57.0, 48.144444444444446, 25.68888888888889, 0.9777777777777777, 15.8, 0.0, 15.933333333333334, 22.788888888888888, 20.055555555555557, 13.422222222222222, 35.94444444444444, 44.32222222222222, 1.8222222222222222, 2.6222222222222222, 0.03333333333333333, 40.077777777777776, 0.0, 13.61111111111111, 0.0, 29.855555555555554]
BBSR:57.0
ABSR:19.4
max acc:57.76
