======================================
    IID: 0
    Dataset: cifar
    Model: resnet
    Model Init: None
    Aggregation Function: avg
    Attack method: dba
    Fraction of malicious agents: 10.0%
    Poison Frac: 1.0
    Backdoor From -1 to 5
    Attack Begin: 0
    Trigger Shape: square,pattern,watermark,apple
    Number of agents: 100
    Fraction of agents each turn: 10(10.0%)
    Local batch size: 64
    Local epoch: 2
    Client_LR: 0.1
    Client_Momentum: 0.9
    Global Rounds: 200
======================================
main_task_accuracy=[0, 10.0, 10.0, 16.200000762939453, 14.779999732971191, 16.790000915527344, 14.920000076293945, 18.350000381469727, 19.360000610351562, 21.809999465942383, 24.219999313354492, 19.299999237060547, 27.959999084472656, 28.040000915527344, 21.670000076293945, 32.369998931884766, 29.040000915527344, 28.989999771118164, 28.40999984741211, 29.34000015258789, 28.399999618530273, 33.20000076293945, 28.670000076293945, 35.599998474121094, 35.970001220703125, 38.189998626708984, 38.13999938964844, 35.83000183105469, 35.45000076293945, 33.06999969482422, 39.189998626708984, 35.34000015258789, 37.34000015258789, 37.91999816894531, 37.790000915527344, 40.369998931884766, 42.18000030517578, 41.93000030517578, 41.689998626708984, 43.38999938964844, 40.54999923706055, 44.880001068115234, 41.95000076293945, 44.939998626708984, 46.5, 47.86000061035156, 44.880001068115234, 45.310001373291016, 44.7400016784668, 48.58000183105469, 44.970001220703125, 46.720001220703125, 49.560001373291016, 52.81999969482422, 48.790000915527344, 51.97999954223633, 52.060001373291016, 49.93000030517578, 52.04999923706055, 49.029998779296875, 55.560001373291016, 54.709999084472656, 54.83000183105469, 57.04999923706055, 56.970001220703125, 52.02000045776367, 52.529998779296875, 54.209999084472656, 53.58000183105469, 54.209999084472656, 56.970001220703125, 60.63999938964844, 55.97999954223633, 59.560001373291016, 55.029998779296875, 61.779998779296875, 56.939998626708984, 61.29999923706055, 57.81999969482422, 64.62999725341797, 58.41999816894531, 62.560001373291016, 62.029998779296875, 59.630001068115234, 60.38999938964844, 62.22999954223633, 62.34000015258789, 65.87000274658203, 63.02000045776367, 62.66999816894531, 63.790000915527344, 63.560001373291016, 67.02999877929688, 63.220001220703125, 66.44000244140625, 60.369998931884766, 65.41999816894531, 63.779998779296875, 67.4800033569336, 66.62000274658203, 68.66000366210938, 68.41000366210938, 68.48999786376953, 66.13999938964844, 67.68000030517578, 69.62999725341797, 69.08000183105469, 71.91999816894531, 71.0999984741211, 70.94999694824219, 67.94000244140625, 69.0999984741211, 66.05000305175781, 67.86000061035156, 70.75, 68.0, 69.83000183105469, 69.66999816894531, 66.31999969482422, 69.4000015258789, 69.66999816894531, 69.33000183105469, 67.13999938964844, 72.91999816894531, 65.26000213623047, 70.12999725341797, 70.72000122070312, 69.6500015258789, 72.29000091552734, 71.31999969482422, 69.33000183105469, 74.55000305175781, 64.6500015258789, 73.54000091552734, 69.30000305175781, 66.02999877929688, 72.52999877929688, 71.44999694824219, 72.98999786376953, 69.58000183105469, 69.27999877929688, 71.2699966430664, 73.31999969482422, 70.2699966430664, 71.48999786376953, 68.52999877929688, 72.77999877929688, 71.2699966430664, 73.58999633789062, 73.23999786376953, 73.94999694824219, 75.51000213623047, 73.5, 73.38999938964844, 69.13999938964844, 73.52999877929688, 74.12000274658203, 72.83000183105469, 67.27999877929688, 71.73999786376953, 72.7300033569336, 74.16000366210938, 72.44999694824219, 73.83000183105469, 75.02999877929688, 75.91999816894531, 73.1500015258789, 71.18000030517578, 72.83000183105469, 69.5999984741211, 74.06999969482422, 73.75, 73.83999633789062, 77.12000274658203, 71.58999633789062, 73.94999694824219, 73.01000213623047, 74.61000061035156, 72.55000305175781, 72.55000305175781, 73.20999908447266, 67.80000305175781, 74.94999694824219, 74.3499984741211, 73.44000244140625, 71.30000305175781, 72.47000122070312, 74.2300033569336, 76.30999755859375, 66.68000030517578, 77.18000030517578, 75.06999969482422, 73.76000213623047, 76.87999725341797, 73.16000366210938, 72.41999816894531, 73.47000122070312, 74.30999755859375, 73.30999755859375, 71.69000244140625, 73.9800033569336]
backdoor_accuracy=[0, 0.0, 0.0, 26.08888888888889, 45.1, 20.88888888888889, 86.21111111111111, 0.0, 56.87777777777778, 62.36666666666667, 61.82222222222222, 0.06666666666666667, 37.15555555555556, 68.32222222222222, 0.8222222222222222, 59.422222222222224, 1.7777777777777777, 9.833333333333334, 70.88888888888889, 0.0, 38.06666666666667, 0.0, 62.766666666666666, 0.0, 23.77777777777778, 3.4, 0.9666666666666667, 4.522222222222222, 1.8888888888888888, 8.777777777777779, 0.044444444444444446, 10.933333333333334, 0.0, 18.22222222222222, 3.9555555555555557, 62.17777777777778, 0.0, 86.14444444444445, 0.35555555555555557, 65.61111111111111, 0.25555555555555554, 55.5, 0.0, 4.722222222222222, 26.211111111111112, 47.733333333333334, 0.0, 64.93333333333334, 0.2222222222222222, 77.64444444444445, 1.3111111111111111, 11.277777777777779, 12.88888888888889, 22.355555555555554, 66.65555555555555, 0.044444444444444446, 16.255555555555556, 22.622222222222224, 47.62222222222222, 0.43333333333333335, 79.41111111111111, 0.5555555555555556, 78.72222222222223, 22.544444444444444, 71.83333333333333, 0.0, 73.68888888888888, 1.7666666666666666, 80.22222222222223, 0.3888888888888889, 77.22222222222223, 8.955555555555556, 91.02222222222223, 0.24444444444444444, 87.52222222222223, 35.1, 82.45555555555555, 3.466666666666667, 90.27777777777777, 53.6, 17.61111111111111, 30.377777777777776, 43.888888888888886, 1.1333333333333333, 82.67777777777778, 1.0222222222222221, 54.05555555555556, 46.55555555555556, 30.6, 67.9, 25.333333333333332, 39.855555555555554, 32.84444444444444, 69.33333333333333, 4.488888888888889, 44.84444444444444, 48.37777777777778, 16.044444444444444, 49.72222222222222, 13.38888888888889, 71.44444444444444, 1.9, 68.18888888888888, 0.13333333333333333, 56.17777777777778, 14.444444444444445, 48.455555555555556, 6.833333333333333, 35.98888888888889, 41.1, 2.2888888888888888, 58.15555555555556, 12.222222222222221, 35.68888888888889, 40.28888888888889, 5.122222222222222, 67.22222222222223, 0.7444444444444445, 20.6, 38.46666666666667, 4.188888888888889, 8.833333333333334, 40.233333333333334, 1.5777777777777777, 73.22222222222223, 1.6222222222222222, 31.6, 16.355555555555554, 14.0, 4.2444444444444445, 60.31111111111111, 2.2333333333333334, 15.233333333333333, 10.177777777777777, 32.4, 2.188888888888889, 18.377777777777776, 8.188888888888888, 4.7444444444444445, 65.88888888888889, 0.011111111111111112, 28.0, 28.622222222222224, 5.622222222222222, 26.666666666666668, 6.188888888888889, 11.2, 19.633333333333333, 12.5, 39.455555555555556, 2.433333333333333, 17.766666666666666, 15.066666666666666, 16.933333333333334, 11.1, 11.777777777777779, 35.31111111111111, 0.45555555555555555, 29.07777777777778, 2.4, 16.07777777777778, 18.155555555555555, 3.533333333333333, 14.722222222222221, 4.411111111111111, 5.733333333333333, 6.0, 2.7888888888888888, 10.466666666666667, 17.88888888888889, 0.4444444444444444, 23.2, 17.566666666666666, 14.122222222222222, 4.955555555555556, 6.155555555555556, 21.244444444444444, 3.4555555555555557, 3.7333333333333334, 17.511111111111113, 2.7333333333333334, 19.733333333333334, 19.1, 3.9444444444444446, 27.522222222222222, 0.6555555555555556, 34.977777777777774, 7.5777777777777775, 11.077777777777778, 6.2, 20.366666666666667, 10.0, 18.988888888888887, 13.422222222222222, 2.8444444444444446, 14.511111111111111, 6.311111111111111, 19.988888888888887, 9.855555555555556, 0.2222222222222222, 30.544444444444444]
BBSR:34.98
ABSR:13.89
max acc:77.18
